$ANSIBLE_VAULT;1.1;AES256
62356230356238346433643130366666353936393733663735623331616637366463613533346239
6365353437386465623466393862393465323938333563360a343737393538646665396361613732
65393433633231383431393263356435636639633836663262656139393332383330313637343733
3233313361306436630a333032333961353737613434306166333732366431313166663133356439
65333364333331373766666162353761323166366337373761666262396639313739396338393834
38666436616332363437323530663535313334366164633738363162633764633435653230333331
64623662373936373134336365373538343231303762373930373366303866343462383331343033
36376232313165316238306262633565643436333463633834316565363232666533373363626564
36346534643539633334323365383537623962303831373833393065306432633735623635356161
66393261653664646232616638636536623266373237653564313839333931363036383134666437
31653866363866306139333964303862623137393236376334616636396536643366623763656364
66343634383861623036313466666362363833636162353162373335393133336232396132366230
34353261666639336330626339636161653833316436323130333465666339656262363438313564
31613766623537613930306562383434366163303137643364336331366334626239376463313530
33646232656437316461636434323139633732356237353635316632363238396165373438353235
63633461666438383130646138366338323431333934633231343730626332363666613966316463
35313562663061626365653237326565336364303562626563623732613236643836343061326134
30346263663735656462363335313839346239323766313737646230343631636431393033663531
38373261353365386437363730396339643339393932376663313332333661363663616466633331
61613562323338343866
